551	222
2823	2823
2823	77
2823	2231
2823	2590
2823	2841
2823	687
2823	1591
3375	3375
1202	2871
3437	1223
3437	968
2871	2871
2871	113
2871	2107
667	667
667	2765
1155	813
272	1500
272	639
2426	113
2426	1681
3119	3119
3119	1139
3119	77
3119	1245
3119	2231
3119	78
3119	3215
3119	223
3119	2927
3196	3196
3118	3118
3492	3492
617	617
617	3432
1905	124
1264	652
20	2411
20	3551
20	879
20	991
20	2367
20	1915
20	3113
20	1925
20	1520
20	853
20	2479
20	2717
20	3401
3256	3076
3446	1245
3446	2231
834	834
834	1849
1109	1109
225	2695
225	2510
225	1154
225	639
1423	1423
2227	2227
3006	3006
3006	1045
3006	2631
3298	1332
1889	1945
2852	2521
284	2896
284	3025
284	813
284	3366
1994	1994
3173	3173
1021	487
1021	1500
1021	2695
1021	639
67	956
1491	1491
335	1205
335	2569
335	1535
335	1691
335	1314
335	2928
1603	1603
2857	813
848	821
3221	1465
3221	3004
3221	3032
1715	2958
166	166
2887	2887
2990	2990
2990	1124
2990	1686
3092	3092
796	796
796	564
263	3025
429	429
429	183
429	2747
429	2317
429	571
429	469
642	642
642	183
642	2317
642	571
487	2695
487	2510
487	639
1139	77
1139	2231
1139	2927
1906	2896
1906	3025
1906	813
1906	3366
1500	639
822	822
3329	3329
3329	1759
2460	1656
2611	2611
2326	182
1692	1692
1692	1149
1692	2444
1692	3232
2917	1203
2917	3328
2299	1517
2299	1370
1149	1149
1149	4
1149	962
1149	2176
626	2521
2695	2510
2695	1154
1498	1498
1498	1898
2896	2896
2896	1611
2896	3165
2896	2320
2896	1069
2896	2652
2896	485
2896	713
2896	191
2896	887
2896	3307
2896	2484
2896	1903
2896	2832
2896	2996
2896	2369
2896	1136
2896	147
2896	2468
2896	1943
2896	1401
2896	1987
2896	1589
2896	229
2896	811
2896	2727
2896	1416
2896	184
2896	1389
2896	447
2896	849
2896	510
2896	1150
2896	2767
2896	3025
2896	1822
2896	293
2896	3240
2896	458
2896	813
2896	793
2896	1583
2896	2757
2896	440
2896	1193
2896	1914
2896	1204
2896	1544
2896	1587
2896	2670
2896	2161
2896	3560
2896	2942
2896	877
2896	1595
2896	1273
2896	1220
2896	3302
2896	1990
2896	828
2896	2580
2896	3366
2896	1639
2896	1046
2896	2614
2896	1964
2896	3397
2896	1251
2896	2807
1608	1608
1608	2747
2527	2527
2659	2659
2659	77
2659	1205
2659	503
2659	1691
2659	1314
2659	687
2659	2864
2659	169
2659	2782
2659	306
2659	1876
2535	2535
2535	113
2535	181
2535	334
3237	2765
2357	2357
2549	141
370	370
1611	1611
2396	2396
858	858
140	3319
588	2334
572	572
2617	2617
2617	501
2463	2463
1363	3096
3130	1179
60	60
60	2183
60	2836
60	2416
3441	3164
1040	2096
1040	1410
3253	3253
3362	1501
2501	2501
2501	25
2501	2335
95	95
224	224
3419	3419
3419	2402
3419	3132
3419	2248
3419	1735
3419	921
3419	3364
3419	3364
2596	743
645	765
645	765
773	773
2217	2217
2217	1020
2217	2228
2217	2268
1455	3111
2139	2139
2471	3512
2471	2132
632	632
2950	2950
1560	2383
2875	1875
2863	2863
2863	84
2863	1112
2863	100
2863	1727
2863	2360
2863	3093
2863	610
2863	2327
3195	63
1828	3100
1828	63
1828	2205
1828	649
1828	2245
1828	2742
1828	719
1828	1899
1828	2225
1828	536
1828	2388
2046	2023
1624	2379
273	2282
273	2790
273	1062
273	904
273	1612
273	1374
273	2423
273	2150
273	466
273	2459
273	316
273	2814
1445	1445
3051	3038
3012	2361
1126	1126
805	1349
805	336
805	1516
805	331
805	2233
805	646
805	3554
1743	887
1743	3307
1969	813
180	1959
180	2762
2142	2142
76	55
1492	1492
1492	2415
1492	2756
1492	3356
1501	1501
1501	1436
1501	1436
1315	1315
3189	3189
1436	1436
1436	308
1436	390
1436	2516
2477	2477
2472	2472
167	167
595	595
2735	813
3552	3552
3552	2183
3552	2416
3552	3552
3552	2183
1645	1645
2153	2153
136	1517
136	1875
1312	2076
2837	55
1133	3461
1133	2317
1133	1538
911	790
1338	1465
1338	843
1179	1179
1179	1176
1179	3019
1179	1614
1179	1184
1179	3457
1179	2247
1179	988
1179	1762
3324	3324
2095	2095
2417	643
2715	1718
2715	2668
1077	1070
1077	1244
1077	2065
1077	168
1077	1303
1077	2575
1077	2362
1077	815
1077	3304
1077	2919
357	357
1851	1851
1851	1634
2071	677
2071	3194
2071	2657
2071	1640
2071	2794
2071	3004
2071	3528
3497	3153
1406	1640
1406	2794
1406	119
1406	3528
1406	2729
1956	1092
1956	1111
1956	1706
1956	222
1956	1353
1956	1772
1048	3360
2297	2297
2297	2588
725	725
84	100
84	1440
84	221
84	2360
84	1165
84	3080
84	3093
2184	2184
2184	2559
1171	1171
1171	2402
1171	3132
1171	159
1171	921
1171	2912
501	501
528	360
1986	1986
2031	2031
2031	2681
1974	368
2026	2026
2026	2924
2922	2238
2218	1858
2218	266
1027	1663
660	2374
116	1965
116	3361
116	3539
1582	1704
1582	2521
2402	2402
2402	3132
2402	2296
2402	159
2402	921
2402	3364
1675	55
1917	63
1857	1857
522	2152
522	1514
1576	1576
3354	365
3354	1933
3354	3124
978	1656
978	2898
2749	2255
432	432
1594	55
452	452
3448	517
3448	577
3448	2233
3448	2854
3524	199
884	1433
884	2082
884	925
1112	3093
1112	886
1112	1379
1112	2327
2354	2354
2566	2566
1166	558
3343	2458
3343	2666
3496	3052
3496	627
2464	2684
1344	652
1344	1895
1344	1410
1344	1735
1810	1810
3510	3510
1628	63
2415	3356
1833	1833
1833	2682
1833	3055
1833	1242
1833	1861
1577	1440
1577	221
1577	2360
1577	3433
1577	1165
1577	3080
1577	610
2318	698
3182	412
3182	1045
1656	1430
1656	985
1656	2179
2086	2162
1377	1377
1377	2653
624	1332
3136	3137
407	407
407	899
407	1409
407	1791
407	2161
3211	3211
2104	2104
2104	633
741	741
3223	2469
2558	3025
2266	3008
2266	1693
2266	328
2266	1877
2266	1926
2266	2039
2266	290
698	2957
2387	2387
2387	1960
2387	1618
2571	2571
2571	1960
2571	1618
2430	2430
3490	3241
3269	3269
103	103
103	2211
103	2211
1029	2211
2089	2089
2089	231
2089	1173
3008	3008
3008	55
3008	1693
3008	2334
3008	2516
3008	1877
3008	236
3008	1926
3008	1108
3008	290
605	3276
139	139
2536	3457
1176	1213
414	2742
759	759
759	1965
759	144
759	91
759	1390
759	2147
1069	1069
1069	813
2079	2591
2705	2705
3429	3164
413	2690
413	2228
413	584
2215	2561
1279	55
1812	1812
1812	2648
157	157
1515	1249
1471	1471
786	786
967	967
1497	55
2644	1016
2014	55
2014	443
2014	1949
3559	3559
1750	3095
1750	855
453	2205
453	1483
3131	3131
693	693
864	2935
899	899
704	704
2262	2262
1716	1716
1900	265
138	138
6	365
3098	634
2199	2199
2199	2370
2199	1531
2199	2894
3143	3461
3143	3544
2562	2562
2562	1059
2562	3410
2562	2763
2562	1732
2562	544
2562	3036
2562	3525
2562	427
1710	1710
3246	824
3246	1059
3246	1707
3246	2040
3246	1250
3246	192
3246	3274
3246	3535
3246	2172
3246	310
3246	3190
3246	3295
3246	3410
3246	888
3246	1732
824	1059
824	1707
824	2040
824	192
824	3274
824	3190
824	3295
824	888
1059	1250
1059	192
1059	3535
1059	2172
1059	310
1059	3190
1059	3410
1059	1732
1059	2067
1059	544
1059	427
2255	2255
2255	931
2255	2179
795	3502
2351	2351
2351	3220
2351	873
3220	873
38	2745
38	3515
38	189
38	2681
38	872
1697	1945
873	873
873	1657
827	1223
827	267
827	2108
2325	2935
2325	2506
2325	108
2325	2061
3424	2306
1780	1054
1476	1476
1476	735
1476	1223
1476	3319
1476	880
1476	2810
1476	1004
2605	2605
2605	113
2605	181
2605	1681
2605	334
2605	1278
2605	2107
1568	1568
113	113
113	2732
113	2548
181	181
1681	1681
334	334
2034	2034
2034	3289
2034	1061
735	735
735	1278
735	3250
735	1223
735	3319
735	482
735	2810
735	280
735	1002
735	1417
735	1004
735	1619
735	203
735	1032
735	32
1278	1278
1278	482
1278	3353
1278	1688
1278	476
3250	203
3250	431
1223	1223
1223	2810
1223	274
1223	1102
1223	195
1223	968
1223	2664
1223	1918
3319	3319
3319	215
3319	1722
3319	2862
3319	3405
3319	203
3319	1665
3319	2972
3319	1563
3436	3436
3436	1000
3399	3399
3399	1696
1696	1696
1465	1465
1465	843
1465	108
1465	2334
1465	1714
247	895
247	754
247	1746
247	3148
895	1746
1070	1244
1070	2065
1070	1619
1070	168
1070	1303
1070	2575
1070	1612
1070	3207
1070	1226
1070	2363
1070	2448
1070	815
1070	3304
1070	2919
2282	1244
2282	2693
2282	2790
2282	1062
2282	2065
2282	1612
2282	1374
2282	2362
2282	2423
2282	466
2282	2067
2282	2081
2282	815
1244	2693
1244	2065
1244	1612
1244	1374
1244	2362
1244	3207
1244	1226
1244	2363
1244	2448
1244	2555
1244	3304
2693	1062
2693	2065
2693	1612
2693	2362
2790	1062
2790	1707
2790	1612
2790	1374
2790	2423
2790	2150
2790	466
2790	2459
2790	316
2790	2081
2790	815
2790	2814
1062	2172
1062	904
1062	1612
1062	1291
1062	2150
1062	466
1062	2459
1062	2485
1062	1340
1062	468
1062	316
1062	2081
1062	2814
2065	1374
2065	2362
2065	3207
2065	466
2065	1226
2065	2363
2065	3304
513	513
732	732
1597	1945
1123	1123
883	965
883	1159
883	2028
267	267
267	2108
267	2235
267	2560
2690	2447
2690	3169
894	894
3263	709
1902	1902
2434	1216
2041	2041
2041	1965
2041	1209
2041	2987
4	4
4	102
4	352
4	1954
4	1197
4	257
2651	2651
77	77
77	2231
77	1399
77	1205
77	1345
77	1381
77	708
77	78
77	503
77	3369
77	3094
77	2590
77	1535
77	3215
77	1691
77	223
77	511
77	1285
77	233
77	2841
77	3489
77	1405
77	669
77	2319
77	3078
77	687
77	2864
77	169
77	1591
77	673
77	1814
77	738
77	981
77	2927
77	1140
77	306
77	2928
77	2465
77	2336
77	1767
77	1876
77	1802
498	498
1227	1227
1227	713
1227	3125
1227	1878
1227	3330
1227	3117
1227	2882
1227	425
677	3222
677	343
677	2987
3126	2136
2243	228
2243	785
2745	903
2745	2769
2745	249
2745	2213
2745	179
2745	1152
2745	2681
2745	156
2428	2280
2428	3309
880	94
880	1770
880	1572
482	476
2108	2108
3000	3512
3000	3206
914	914
1592	1592
2168	2168
3316	3316
903	903
903	1693
903	3004
1946	1946
1946	356
2620	63
2620	108
3532	3532
3532	3194
2491	2491
3334	2935
2526	2526
2526	270
2963	2963
1307	545
1307	2739
1307	1723
1307	933
1075	3278
1075	2515
2023	2023
2023	2010
2533	2533
3555	3555
3555	1878
2066	58
1177	1117
438	438
2037	2473
2037	2205
2037	3004
2037	2979
3526	813
3365	2083
3365	2488
1044	1044
3320	1673
2331	2162
1348	2162
2707	2707
374	558
374	3224
680	1120
592	592
149	219
149	1045
3194	2114
2876	2162
2876	1673
2750	2162
2750	1673
3357	3357
502	502
502	3457
1311	1311
1919	1919
752	752
2481	2481
1757	1757
2698	2698
55	55
55	3462
55	3341
55	952
55	601
55	3216
55	1336
55	2422
55	207
55	1208
55	1103
55	3548
55	1961
55	259
55	3484
55	3056
55	2831
55	196
55	993
55	2414
55	844
55	242
55	1644
55	2630
55	236
55	2770
55	2039
55	2182
55	2047
55	1107
55	2737
55	106
55	1721
55	1942
55	443
55	283
55	3218
55	1633
55	2956
55	298
55	969
55	2529
55	1872
55	321
55	3065
55	1248
55	1108
55	1550
55	1949
55	1014
55	3312
55	378
55	585
55	2076
55	2164
55	1579
55	1076
55	2599
55	1466
55	3018
1707	2423
1707	466
1707	815
1707	2814
2160	2160
3172	3172
2850	2850
2850	396
2850	1764
2510	1939
1684	1684
1684	2920
1684	2920
1684	2567
1684	563
1684	2461
1950	813
1293	279
1293	3004
566	566
1965	2205
1965	26
1965	3004
1965	1655
1965	1826
754	2275
3505	3505
3042	3042
1453	1453
2769	3004
2070	2070
519	519
1667	1667
2188	2188
2188	956
2188	3004
2100	1159
2209	2043
2209	104
2323	1901
2323	1323
2323	776
2323	2192
2323	3048
3512	3512
3512	2132
3512	3278
3512	2311
2827	778
2827	3440
2827	2616
2827	2401
280	280
1002	1002
2652	2652
2652	2832
2652	447
2652	813
1330	1330
1785	1785
3289	1061
3289	2920
1209	1209
1209	568
1209	2828
1209	637
1209	1623
1209	1169
1209	2722
102	102
2040	192
2040	3274
2040	888
2290	1036
783	783
783	813
2007	1322
2007	2700
2007	2207
2007	318
2007	2201
2007	304
1752	891
2959	1300
2959	3217
2959	2861
2959	17
2959	162
659	870
659	260
707	707
366	366
1843	1843
1843	719
2016	336
2016	976
2016	1322
2016	2854
2016	589
2016	304
2016	174
2246	187
2246	478
2246	2074
2246	1789
2246	3303
2246	3438
1349	336
1349	577
1349	1516
1349	2233
1349	174
2824	898
2824	557
2824	133
2824	41
2824	2589
326	326
1417	1980
493	493
493	640
493	2982
670	343
670	3528
2171	1190
2171	1841
2171	2334
801	108
485	813
216	216
216	1910
216	3457
215	215
215	619
1806	2058
3373	3396
2473	2205
2473	2756
2473	2118
2473	1926
2473	2541
2473	290
3145	870
3145	2935
3145	2756
3145	3004
160	753
1061	1061
3158	3158
3406	3156
2185	753
2920	2920
2920	1677
2920	63
2920	2137
2920	2567
2920	1909
2920	1153
2920	491
2920	563
2920	386
1901	2861
1051	1051
1051	2547
2093	2093
713	240
713	2198
713	426
713	2241
770	798
1456	1456
1104	2226
2545	2545
2545	813
1779	813
3063	813
3370	596
3370	3025
3204	3204
3204	3506
3271	3271
3271	1050
980	2226
980	1615
980	2042
2096	2379
3281	3281
3408	3408
3408	601
3408	1135
3408	1670
3408	1908
3408	377
249	790
249	2935
249	545
249	2567
249	108
249	26
249	3529
249	933
1267	1267
1250	2172
1250	310
1250	3072
1250	3410
1250	1732
1250	427
790	63
790	2721
1035	1035
1035	3095
1035	2987
3445	839
1000	1000
333	1460
1566	2447
3212	813
191	1650
191	813
2018	2018
2018	933
2454	3206
542	542
1006	185
1006	2029
1746	1746
1746	2120
744	744
3164	3164
517	1128
517	577
517	3014
517	2233
517	1224
192	3274
192	2172
192	3410
192	1732
192	544
192	3036
3274	310
3274	3295
3274	888
2981	3206
2981	1192
1677	1677
927	927
1527	1527
1527	649
1527	2931
1527	1407
1527	3279
1527	254
1527	2398
494	494
494	387
3222	3222
2811	2811
2811	23
274	274
305	305
1609	1609
2547	2547
2547	496
2866	2866
767	767
63	63
63	2845
63	1874
63	3228
63	14
1682	1217
2030	2030
870	870
870	2158
870	2516
870	3553
870	2011
870	260
870	2339
870	569
870	1798
870	1528
870	93
3030	3030
3030	1413
3030	3057
3030	1261
1878	1878
1878	2987
1878	1852
1008	350
1008	245
1008	122
1008	1397
990	2154
3416	3416
3416	1548
3416	3327
1294	1282
3245	3245
1858	52
3214	1413
3214	1735
2198	3276
105	105
2935	2469
2935	2118
2935	2833
2935	1528
2935	1241
545	545
545	2306
3506	3506
1092	3058
1092	222
1092	1353
1092	1772
843	843
843	331
843	2858
843	2334
843	1893
843	444
843	2923
2888	1673
887	887
887	3307
887	813
887	2557
3307	3307
3307	813
3307	2557
3307	445
1295	1295
961	961
961	961
1038	1038
389	389
3261	1073
1424	3088
1693	308
1693	2447
1693	212
1693	1877
1693	1486
1693	2039
3209	3259
3209	656
3209	1975
3458	3168
3458	634
1300	3217
1300	2778
1300	3360
1300	2861
1300	3004
1300	2551
898	3099
898	56
898	2694
898	2589
898	7
3461	3461
3461	96
3461	3544
2205	2205
2205	2118
2205	3004
2205	27
2205	1481
2205	3004
2205	3004
2845	3228
1067	1067
1067	1252
1067	3528
1067	2581
2502	3058
2502	222
2502	1353
558	558
558	1225
753	753
753	875
753	243
753	2033
350	122
251	251
251	3457
251	262
2817	2817
2149	1119
97	97
3520	3520
3520	736
343	309
343	986
343	2219
343	526
343	1369
343	985
343	2987
343	3111
343	93
343	819
2064	2064
2930	3528
1749	794
1749	1963
456	456
459	423
2432	308
2432	2516
2432	2011
3470	3470
579	579
2612	2612
1128	3545
1128	2619
1128	1629
3088	3457
3088	2902
1588	1588
1304	1304
1304	1531
937	949
937	455
937	2431
652	26
652	2427
652	959
652	1621
100	3093
100	886
100	1379
100	2327
1440	1440
1440	2360
1440	1165
2256	2671
2281	2281
1945	1945
1945	3550
1945	3150
1945	685
1945	222
803	803
2484	3025
2484	813
3483	3025
3483	1678
1413	1413
1413	1687
1413	1261
2954	108
1996	1996
2410	596
2410	1916
2410	743
1308	1308
277	1463
1553	1252
1553	307
72	359
1680	1680
2191	2872
2213	2213
2213	3004
3156	3156
372	769
2636	3260
340	340
1546	3217
2178	3217
2178	2551
2178	932
3217	3360
3217	26
3217	3135
3217	148
3217	444
2373	2373
2132	2132
2132	2708
213	213
213	3004
309	2987
2600	2600
2600	2696
2740	1673
607	607
352	352
352	813
328	2088
328	781
328	451
328	1861
328	1762
2748	2748
949	2447
949	697
949	2431
835	835
1398	1398
1895	3457
1895	1097
1895	580
2020	2020
3330	3330
3330	347
3330	2987
3330	2882
3330	1201
3330	1328
3330	425
994	994
2226	3396
1015	1015
512	512
228	228
228	986
228	560
228	2987
228	3528
3037	3037
1252	2987
2654	2469
1903	2832
1903	813
2832	859
2832	447
2832	813
2832	3366
356	356
3262	3262
3043	1073
2133	2133
986	2141
986	3457
986	2831
986	3528
986	156
986	426
986	1861
1548	1548
1548	3327
1504	813
1400	1400
234	813
2834	3025
1820	1794
1820	2838
1571	905
905	294
905	3016
1120	2996
1120	1444
1120	85
739	2828
671	2836
1190	1841
336	942
336	1516
336	976
336	174
2219	2219
202	202
2487	1735
2540	2275
164	164
164	748
358	2449
3454	813
1590	308
308	2186
308	1676
308	153
308	236
308	2039
3276	2921
3095	3117
3095	855
2778	2861
300	300
788	1904
1317	3225
1058	289
1058	3168
942	577
942	2854
942	174
906	1305
688	2202
2711	2711
359	359
359	619
359	3284
387	387
2240	2447
1649	1769
647	647
647	813
833	165
179	179
179	3304
1152	1152
2288	2288
2288	3528
3054	3528
601	601
2591	448
2591	292
3511	3511
1847	1189
866	813
3535	3190
3535	3161
3535	1374
3535	2763
3535	468
3535	544
776	2192
776	2861
2756	2118
2756	1333
2118	2118
2118	3004
2118	2901
2274	2274
2274	1407
108	108
108	1410
108	3457
108	3004
108	1893
108	3364
1043	1043
590	590
590	96
36	36
36	813
3360	2192
3360	2861
3360	500
3360	3048
1991	748
1991	813
1506	1199
1659	813
1255	1255
1336	1336
1336	1055
1336	298
2948	3201
2948	45
2948	2889
2948	1564
2948	87
3260	2904
3260	909
54	3504
54	229
54	301
2929	619
2775	1
2400	813
702	3019
2379	2379
2379	2579
2379	1573
577	1516
577	2854
577	1224
577	174
1516	331
1265	1265
2880	2828
331	646
331	3554
331	2923
976	1322
976	3472
976	304
976	174
1322	304
2242	2509
1502	1502
3339	120
2056	2461
297	297
297	779
2202	2202
649	2245
649	2742
649	3279
649	399
1530	3025
1530	813
1329	1329
129	1671
2172	3161
2172	2459
2172	2485
310	427
185	2029
2869	813
2194	2443
2194	2828
221	1727
221	1165
221	3080
221	3093
221	610
221	1379
221	2327
859	2665
524	524
1870	1870
3358	3358
1744	813
409	409
2254	2254
2755	2755
1391	1703
1391	2207
1391	1980
1391	3472
2267	2267
623	623
623	1578
40	1387
3014	1841
3014	2233
3014	2334
3014	1224
382	382
382	2726
411	1793
219	219
219	1045
2192	2861
2858	444
3033	813
3192	3192
3192	114
3192	2507
3192	2174
3192	800
2141	2141
2141	3325
418	1303
418	2575
418	3488
418	1612
418	2055
418	2595
418	2363
2739	2739
869	141
1930	3311
2455	3236
2455	467
2741	2741
26	26
2708	2708
2708	1378
2708	289
2708	2703
2708	856
2708	1452
2708	3168
2708	83
2708	3234
1796	1796
65	65
2728	1319
141	141
2422	2422
2422	2537
339	339
339	1127
189	189
791	791
1944	118
1819	1819
282	282
821	1940
154	154
2200	2200
2122	2122
755	755
3190	2067
3295	888
1066	1066
3352	1249
3232	3232
2045	142
2045	430
2045	3509
2045	1231
2045	2125
2045	3005
2045	3017
2045	1747
142	430
142	89
142	3509
142	37
142	1231
142	2125
142	3005
142	3292
1841	3071
1841	2619
1841	868
1841	1751
1841	7
1384	2891
2995	597
2962	2962
2962	1593
2962	529
2962	3309
1478	3491
562	222
587	813
897	897
897	57
1425	1425
1425	496
547	3381
547	529
547	813
547	692
547	2552
547	1658
547	3536
586	1538
586	1367
2967	813
1020	57
86	86
1182	1182
1182	608
1210	3484
1290	922
1290	748
1290	1738
1290	2268
1203	662
187	2860
187	56
1517	3079
1517	1875
1517	477
2101	608
1676	2516
1676	1800
1676	2222
1050	1050
3381	529
3381	692
3381	330
3381	3536
2468	813
1703	2229
1703	885
1703	174
329	329
2700	1896
2700	3257
2597	3228
631	1896
631	318
631	2201
631	3257
1360	1360
3178	3124
840	2365
2931	2931
2931	2747
2931	1700
2931	2933
938	938
3286	2024
1943	3025
1943	813
1943	653
2642	3099
2642	296
2642	1980
2642	133
2642	41
1196	1196
1196	2036
1823	2345
3099	3071
3099	2345
3099	296
3099	2694
3099	133
3099	41
3099	2589
1401	813
1401	443
1401	751
760	657
760	1028
760	2201
760	3303
3071	2345
3071	1751
2825	478
2825	2074
2825	2923
2825	3438
2860	478
2860	56
2860	2195
2345	296
2345	1982
2345	1980
296	1896
296	1980
296	133
296	41
1853	3413
1973	1454
1987	1871
1987	813
2916	2916
1448	1448
747	747
1982	3545
1982	868
1982	2694
2233	646
2233	3554
2233	1224
1135	1670
1135	1908
2207	2229
2207	318
2207	3472
2207	885
3545	868
3545	1629
183	2747
183	2317
183	1110
183	571
183	2531
183	469
183	3233
245	122
2619	1629
478	2923
868	2694
2074	3303
657	1028
657	557
657	2201
1028	3303
1751	56
1751	2694
1751	7
1640	2794
2072	1737
2072	1233
2072	3025
2072	813
1896	3257
2229	3257
2229	2276
56	557
56	2195
56	1789
56	7
2854	174
318	2201
318	304
318	3257
79	79
950	950
950	806
950	1550
2334	2334
2334	2516
2334	2696
2334	2011
2334	2182
2334	3011
584	813
227	227
227	653
229	416
1886	1199
1886	3450
1886	1864
135	135
1875	477
636	636
636	59
636	3138
636	662
2447	697
2447	813
2447	1888
2447	2182
2447	425
1472	1472
811	811
811	3025
811	697
811	653
811	2429
811	1251
122	122
1871	813
1630	813
1488	96
1488	3348
557	1789
557	2201
806	2195
806	7
2195	7
1022	3025
1022	813
1022	324
1022	764
1614	1840
1614	2495
486	1980
1593	1593
2891	1076
2891	3011
2891	1083
529	529
529	3309
529	692
529	1658
529	3536
2009	2009
2009	3297
1245	1245
1245	2231
1245	1205
1245	1345
1245	1381
1245	708
1245	78
1245	1537
1245	503
1245	2590
1245	1535
1245	3215
1245	3297
1245	223
1245	511
1245	1309
1245	233
1245	1405
1245	687
1245	2864
1245	1591
1245	673
1245	1814
1245	981
1245	2927
1245	1140
1245	2465
1245	1876
1245	3018
1245	1802
2231	2231
2231	1399
2231	1205
2231	1345
2231	1381
2231	708
2231	78
2231	503
2231	3369
2231	3094
2231	2590
2231	1535
2231	3215
2231	223
2231	511
2231	1285
2231	233
2231	2841
2231	3489
2231	1405
2231	669
2231	2319
2231	3078
2231	687
2231	2864
2231	169
2231	1591
2231	673
2231	1814
2231	738
2231	981
2231	2927
2231	1140
2231	306
2231	2465
2231	2336
2231	1767
2231	1876
2231	1802
3160	3160
3160	3297
2747	2747
2747	3310
2747	2531
2747	469
2747	3255
2747	2383
1416	1416
1416	627
2312	2312
1147	1147
184	813
596	1916
390	390
390	1003
390	337
1698	1698
1727	2360
1727	3433
1727	1165
1727	3093
2516	2516
2516	3553
2516	1850
2516	1510
2516	236
2516	2102
2516	2039
2516	260
2516	2182
2516	1060
2516	548
2516	337
2516	3219
2516	3106
1663	1663
2183	2183
2183	2836
3247	1673
2370	2163
1130	1130
2390	2844
1489	1489
2245	2742
2245	1899
2245	2388
1731	1731
497	2431
1148	2679
1148	2039
1148	2157
2849	2849
2849	2412
153	153
153	2061
153	2011
153	850
1961	3484
603	603
1748	1444
1748	1463
2090	1561
2322	2322
3553	3553
552	699
965	25
3197	1909
2744	2897
2744	2897
1867	2268
2061	2061
2061	3477
1494	1494
1494	1320
2277	2277
1125	1125
1325	3457
1325	510
589	2923
589	304
3310	3310
3310	52
3310	1687
3310	3311
1239	1239
1557	1557
1670	1670
1670	541
1670	2286
1670	1908
1980	3257
2317	2317
2317	2633
2317	266
3361	2111
3361	2538
3361	695
1508	1508
2924	2924
2924	2565
2828	2828
2828	125
2828	1383
2828	973
367	367
2966	2966
2604	2604
2836	2416
2836	194
2998	2998
3203	3203
441	441
1026	1026
1026	1803
1803	1803
2861	1368
2861	3048
1333	2901
2169	2169
1635	1635
1813	1813
2077	2077
2077	2039
2077	2157
2280	2280
2280	3309
1073	1073
1073	2179
1073	43
2679	2679
2679	1555
2679	2461
1018	3428
3299	3299
289	3364
1704	2521
1704	1221
1704	2761
2505	2766
2505	2577
3132	3132
3132	1547
3132	2296
3132	2912
3132	3364
3132	3364
863	841
2500	2500
1316	1316
802	802
2816	2816
30	2053
1184	1184
2838	2987
2838	628
2838	2606
2838	43
2838	819
2838	2606
2360	3433
2360	610
3072	3410
3072	1732
3072	544
3072	3525
299	101
119	119
119	3528
2884	2646
1513	1513
447	813
447	2427
1195	813
1410	1410
1430	2987
2696	2696
2696	3104
2696	1561
3484	3484
3484	3312
3484	1319
831	831
831	3025
831	813
1909	563
3332	3153
3205	3205
3205	2646
3205	1422
3457	3457
3457	865
3457	1305
3457	2675
3457	1724
3457	3226
3457	658
3457	890
3457	159
3457	1762
1365	2987
3035	857
901	901
2382	2382
2382	1643
383	3139
849	813
1012	1012
1012	1531
3004	3004
3004	25
3004	1877
3004	236
3004	1926
3004	2541
3004	935
3004	290
842	2550
2602	2602
2985	1215
27	27
27	935
27	290
80	80
823	823
3527	3186
1529	1529
1529	1256
1529	2140
246	124
246	2421
2439	813
1350	1350
25	25
25	2111
25	2538
839	839
2332	2332
1655	1655
1655	3539
2803	2803
2803	746
281	281
1904	1904
1161	1161
1161	369
3404	3404
2893	2893
3154	1343
3061	467
1399	1399
1399	1691
1399	1314
1399	2319
1399	2864
1399	169
1399	981
1399	1140
1399	2928
1399	1767
21	21
1205	1205
1205	2569
1205	1345
1205	3369
1205	1691
1205	1314
1205	2319
1205	169
1205	673
1205	981
1205	306
690	813
2341	3073
2341	3022
2341	1768
2341	131
2341	3244
2341	244
3455	3455
3455	2971
509	675
3200	2742
1551	1551
1736	1736
454	454
2569	673
3517	3187
1268	1268
1268	813
1268	57
1619	1619
1071	1071
2684	2684
3001	1797
2908	2908
98	98
98	3463
98	850
3015	3015
3531	936
463	463
2521	499
2521	705
2521	814
2521	2585
2521	2166
2521	2106
217	217
3323	1414
2831	2831
2525	2525
2393	2393
2393	575
1671	1671
2131	2131
1783	1783
576	576
2830	2830
977	977
787	787
787	1963
2378	1415
1191	1191
1893	1893
1893	2742
1893	444
810	810
771	771
2844	2844
2844	194
220	220
220	23
510	3025
510	813
510	1193
510	648
510	3475
2270	2270
114	1463
2905	2905
993	2630
993	1055
993	298
904	1291
904	2150
904	466
904	2459
904	1340
904	468
904	316
904	2814
2414	236
204	1095
204	3084
1431	1431
2328	780
1007	1007
1007	439
1007	3128
62	62
3558	3558
155	155
2767	813
124	2421
1345	2319
1345	687
1345	673
1345	1876
241	1143
1787	1787
323	900
323	325
323	253
323	2420
323	1977
323	768
287	287
3025	3025
3025	2483
3025	2588
3025	1121
3025	813
3025	793
3025	440
3025	962
3025	2655
3025	882
3025	2175
3025	1539
3025	170
3025	3443
3025	435
3025	2701
3025	1990
3025	1678
3025	2424
3025	3465
3025	2409
3025	828
3025	2512
3025	3337
3025	446
3025	3243
3025	1639
3025	1962
3025	2774
3025	989
3025	1762
3025	2608
3025	3475
2260	2260
1381	503
1381	1535
1381	233
2519	2519
2519	2210
2992	2992
2992	2314
682	682
3348	126
3348	104
3348	3032
2732	362
2732	2148
2732	2107
168	2575
168	3488
168	2448
168	2555
708	687
2333	2333
3474	3474
1822	813
2674	2674
1414	2523
78	3094
78	3215
78	2927
78	1140
78	2336
2984	2984
3198	3198
3198	691
1997	1997
433	433
2035	2035
2961	2961
2235	2235
3353	3353
2862	1665
2862	2972
2560	2560
2051	2051
748	748
748	963
2910	2910
1842	813
1842	369
758	813
1439	1439
1439	3478
211	1415
1207	1761
1207	1702
275	275
275	1544
275	1113
2630	2630
2630	1055
2630	298
2951	2951
2951	1933
2742	2043
2742	2391
2742	797
2742	2106
1937	1937
3530	3530
3530	3020
1988	1988
3425	3425
2440	2440
2987	3117
2987	785
2987	628
2987	1668
2987	798
2987	819
2987	2581
872	933
3374	3374
3402	3402
1877	1926
3433	3433
3433	1165
861	861
2939	2939
3117	3117
1754	1754
1754	3201
1755	1755
236	236
236	1486
236	3219
236	2599
2897	2897
2601	2601
1095	2565
1095	1119
2011	813
2011	548
2011	3251
2011	850
2550	436
699	1815
699	2658
699	505
734	734
734	1578
734	838
3344	3344
3344	973
1486	1486
1486	3544
1486	1479
1153	1153
2305	2397
1673	1673
1673	1866
288	719
376	719
2043	1735
2764	472
2764	3466
2751	2751
2971	2971
3206	3206
3206	2383
1175	1175
500	1784
1407	1407
1407	1101
1407	254
2692	2000
423	423
697	2431
1117	3279
2882	2882
2882	862
2882	425
2641	2641
3544	1479
175	175
3378	813
1894	506
45	2002
719	1174
719	2078
719	1545
719	1549
719	1545
893	893
893	2840
893	2221
1638	1638
2779	2779
1127	1127
2259	2259
2092	1920
3168	3364
778	778
778	2401
1724	1724
3226	761
3226	1762
127	83
696	609
1388	1388
1168	1168
1826	3539
1929	1929
3410	2763
3410	1732
3410	544
3410	3036
3410	3525
3410	427
3410	3267
2588	2431
2940	2940
458	813
3561	3561
3031	1963
1966	2813
634	3391
2797	2797
1838	254
2234	2791
2110	813
218	218
2643	813
960	960
2574	2574
266	266
266	52
266	1687
655	2106
640	57
640	2982
3073	3022
3073	1768
3073	3244
3073	1653
3073	244
3208	3208
1827	1827
3537	3537
654	654
1435	1618
503	503
503	1535
503	233
503	687
1865	1865
871	871
2039	1533
2039	1573
2039	1550
2083	2488
813	793
813	1583
813	2441
813	3407
813	2308
813	440
813	962
813	2036
813	420
813	2161
813	3560
813	2942
813	1539
813	2348
813	2301
813	1450
813	1719
813	450
813	1990
813	317
813	3465
813	828
813	2580
813	2513
813	1620
813	2564
813	2667
813	1800
813	2222
813	3366
813	2843
813	1964
813	235
813	2001
813	3397
813	1251
813	565
813	727
813	1600
813	2807
813	2127
3528	3528
3528	1733
3528	1615
3528	319
3528	2587
2669	2669
2120	2120
2661	194
2548	2548
633	633
2294	1241
3153	2729
936	936
2173	2173
628	862
1580	197
2806	879
2806	991
2806	2367
2806	1868
2806	3268
2806	1086
2806	1266
2806	2479
2904	2904
2904	1495
2904	3306
2904	1017
1533	2606
1174	2078
1174	1545
52	52
3171	3171
3171	2446
260	260
260	3176
260	569
2346	2346
2346	3302
3185	3185
455	2431
862	862
3058	222
2978	2978
2688	2688
1511	1511
933	933
2953	2953
203	203
1240	1240
1240	194
1240	449
2182	2182
2182	1060
2182	1164
2182	1119
165	165
165	2330
444	121
200	200
3539	3539
1001	1001
3009	3009
57	57
57	3519
57	2301
2324	2324
111	111
3469	3469
2441	2441
1967	1114
1699	1699
1699	425
1699	534
1256	1256
2677	2677
3407	3407
743	1421
743	2159
1181	1181
1181	123
2997	2106
2253	2253
3369	673
3523	2107
42	66
1774	1774
591	591
629	598
629	1700
629	2933
2625	2625
1648	1648
3094	2590
430	3464
430	3509
430	1231
430	131
430	3005
430	3017
430	1747
430	361
1935	1935
2261	2261
3393	3393
1924	1924
2368	1287
2590	3215
2590	981
1535	1691
1535	1405
1535	673
1535	1814
1535	1876
2135	2135
3193	3193
252	252
2964	2964
2964	2170
3179	3179
3279	2388
3279	3141
3264	3264
144	91
144	1390
144	3066
144	2147
3097	2968
2247	2247
1324	1324
2411	3551
2411	1434
2411	1915
2411	1632
2411	2479
2411	2717
2058	2058
2058	3225
2058	1992
962	962
1110	1110
238	238
437	1541
437	3414
437	1861
2509	2509
106	3184
1891	1891
1891	597
1211	1211
1427	1427
3215	738
3215	2927
3215	1140
3215	2336
1507	1507
3549	3549
1691	1691
1691	1314
1691	2864
1691	169
1691	2054
1691	2782
1691	306
1691	2928
1691	1876
683	683
1437	1437
479	479
2785	2785
1899	2225
1206	1206
3392	3392
2466	602
3415	1013
467	467
133	2589
3472	304
3472	2276
41	2589
571	571
2655	2655
1257	1257
2495	2495
1129	1129
1129	1163
403	403
1193	1678
1303	2575
1303	3488
1303	1612
1303	2055
1303	2363
1303	2448
1303	2919
3297	3297
3345	3345
1105	1105
223	223
223	1591
1634	1634
2913	2913
2609	2609
2660	254
295	1371
1060	581
1334	1334
1334	1951
1334	1284
1544	1963
1690	1690
2078	1545
548	850
2542	2542
1912	1449
371	3050
371	442
371	434
39	39
1791	1791
1791	594
1214	1214
2019	2019
28	28
1154	639
1154	1188
2143	2143
2143	2180
393	393
916	703
3464	2125
3464	3017
3464	1747
3464	361
3464	3350
1289	3265
351	351
2840	2840
2840	2221
364	364
1404	1404
1404	1562
1404	3430
1404	51
1404	3346
514	514
3551	1434
3551	879
3551	1915
3551	1632
3144	972
3144	2493
254	254
254	2398
254	710
254	1726
254	2017
2223	2223
3022	1768
3022	3244
3022	1653
3022	3017
89	3509
89	1790
89	3355
89	1718
89	405
89	2668
89	3292
89	1426
3521	3041
3521	1023
900	1977
1524	1524
2381	2381
1547	921
1547	3084
1547	1598
3050	3050
3050	3467
3050	434
313	313
173	173
2635	2635
1809	1809
1951	1951
2167	2167
2949	369
1253	1253
2868	2868
1863	1863
422	422
1968	1968
929	929
929	2106
1660	1660
765	765
765	765
239	239
1795	1795
1907	2783
1907	3175
1074	1074
3277	3277
1818	1528
602	602
1768	3244
1768	244
1768	3017
1768	3350
1318	3488
1318	674
1318	2055
1318	2595
1976	1790
1976	1426
3414	1861
700	700
1459	1459
1284	1284
1292	1292
724	724
3486	3486
3412	3412
546	546
546	1113
1005	679
1055	1055
1055	298
2796	2796
684	684
2592	2592
3382	3382
3111	3111
511	2927
511	2465
145	145
2847	3147
2244	2244
1700	1700
1700	2933
1700	923
2398	2398
2301	2301
1562	1562
1562	1072
1562	3430
1562	51
1562	3346
1562	1884
1113	1113
958	958
661	661
342	2129
50	50
2559	2559
2559	1408
2559	1242
1238	1238
75	75
325	1977
2060	2060
2296	921
2296	1598
1309	1309
2573	1332
1646	3013
1633	1633
1633	3449
2736	2736
1617	1617
1469	1469
1613	1613
2970	2970
928	928
1706	222
2594	2594
559	559
1115	115
91	2147
1285	687
233	2841
233	1405
233	3078
233	687
233	1814
233	1876
1573	1573
2002	1564
2002	87
1328	1328
2395	2395
1854	1854
1616	1882
2983	2983
232	232
226	226
442	442
3325	3325
3265	3265
2944	3175
1320	1320
1897	469
291	291
1934	1934
3224	3224
365	1933
3272	3272
1615	2042
2899	2899
3467	434
2181	2181
689	689
32	32
1807	1807
1641	3305
1163	1163
1475	1475
1052	1052
963	963
388	388
3166	3166
3434	3434
231	222
1913	1913
253	1977
1464	1464
712	712
1449	1449
852	852
3356	3356
2575	3488
2575	1612
2575	2130
2575	3207
2575	2055
2575	2363
2575	2448
2575	2555
2575	3304
2575	2919
825	825
825	850
1339	1339
1339	1664
2958	2958
917	917
3351	3351
1792	462
2134	2134
53	1861
2733	2733
3507	3507
2377	2377
1565	1565
337	346
1701	1701
2499	2499
3159	2493
2248	2248
2204	2204
3161	2763
3161	2150
3161	544
3161	3036
3161	3525
2114	2114
1831	1831
12	12
1830	2493
3509	37
3509	1231
3509	3005
3509	1747
2776	2776
2719	2719
728	574
1397	1397
3335	2488
1218	1218
1218	2892
1578	838
3468	3468
3468	2872
1364	1364
972	2493
3248	3248
461	461
2180	2180
2314	2314
1225	1225
1219	1219
1393	1393
879	991
879	2367
879	1915
879	3113
879	1925
879	1868
879	3268
879	853
879	1086
879	1266
879	2479
879	3401
2877	3113
2877	1925
2877	853
597	1599
597	1382
2420	1977
2385	1720
1259	1738
3380	3380
615	615
1713	1713
2650	2650
3417	3417
3417	222
1797	1797
37	1231
37	131
37	2125
37	3005
2251	2976
2197	2197
2344	2344
2478	2478
736	736
2438	1496
515	515
536	2388
2960	2493
425	425
1072	3346
2623	2623
2623	2138
404	404
404	2004
2815	2815
2710	2710
663	396
663	3086
663	301
1932	1932
3488	1612
3488	674
3488	2818
3488	1226
3488	2055
3488	2595
3488	2363
3488	2555
3488	2919
3502	3502
913	913
408	408
2012	2012
1872	1108
1872	1076
1612	1374
1612	2130
1612	1226
1612	2055
1612	316
1612	2081
1612	2448
1612	2555
1612	3304
1612	2919
1763	1763
2716	2716
3129	1371
1605	1605
3075	2493
1753	1753
2986	2986
1461	1461
64	64
1387	1387
2517	2517
158	158
146	146
3183	3183
1118	1118
1041	1041
3394	3394
3242	3242
2349	2349
3074	3074
1487	1487
2531	2531
2531	2488
2859	2859
2804	2804
1864	1864
614	614
674	2055
674	2595
674	2919
2091	2091
1938	1938
2408	2408
319	319
934	934
1561	1561
1931	2714
991	1868
991	1266
991	2479
991	2717
1332	2791
2841	2841
2841	687
3184	2813
3184	1636
3184	2680
2367	1086
1545	1549
3146	3146
2475	2475
1314	1314
1314	2319
1314	169
1314	2782
1314	981
1314	306
1314	2928
1314	1767
2116	2116
1735	3364
1738	1738
1915	1632
1915	2479
1915	2717
1231	131
1231	2125
1231	3005
1231	3017
1108	1076
973	971
973	2722
2498	2498
3518	3518
396	396
396	3280
2291	2291
1408	1033
2488	2886
1236	1236
2004	2004
2726	2726
854	854
2027	2027
384	384
2503	2503
1433	2082
574	574
574	784
574	3411
1798	1528
692	1658
692	330
644	644
2752	2752
2187	2187
3230	3230
2616	2401
1374	2130
1374	2423
1374	2067
2107	2107
3280	3280
807	807
2800	2800
269	2493
2362	2423
2362	3207
2362	466
2362	815
2362	3304
3479	3479
1599	1599
1013	2753
3430	51
3430	3346
3430	1884
2538	2538
115	115
33	426
1790	131
1790	3355
1790	405
1790	1426
131	1718
131	3244
131	1653
131	405
131	2668
131	244
131	3017
3086	3086
3086	1480
193	193
959	959
3318	3318
3318	2210
3318	3149
3318	3149
3318	2210
3254	3254
23	23
2210	2210
2210	3149
2210	3149
2993	3013
715	715
2130	1226
2130	2055
2130	2555
2130	2919
2392	2392
1291	2485
1291	1340
1291	468
1291	316
2552	3536
3480	1033
3355	405
3355	2668
3355	1426
2763	544
2763	3036
2763	427
3041	1023
3113	1925
3113	853
3386	3386
2423	2150
2423	466
2423	2067
2423	2081
2423	815
2423	2814
1758	1758
1732	2150
1732	544
1732	3036
1732	3525
1732	427
1732	2081
3207	466
3207	815
3207	3304
1925	853
2125	3005
2125	1747
1405	673
1405	1814
1405	1876
2150	2459
2150	544
2150	3036
2150	316
2150	2081
2150	2814
885	3257
885	2276
1718	2668
1718	3292
1718	1426
466	2459
466	1340
466	2081
466	815
466	2814
466	3304
1868	1266
1868	2479
1868	2717
641	641
641	1063
222	222
222	1353
222	1772
2459	2485
2459	1340
2459	3036
2459	316
508	1188
1337	1337
669	2864
669	169
669	981
669	306
3244	1653
3244	244
3244	3017
1720	1720
426	426
2067	815
1226	1340
1226	2055
1226	2363
1226	2448
1226	2555
2485	1340
1340	316
468	316
468	2814
544	3036
544	3525
544	427
544	3267
1653	244
1653	3017
2356	2356
66	66
66	2791
1658	3536
2791	2791
3109	1194
3109	1321
2765	2765
2799	2799
1520	853
405	2668
405	1426
984	984
984	261
2055	2595
2055	2363
2055	2448
2055	2555
3005	3017
3036	3525
3036	427
3036	3267
3268	1086
3268	1266
3268	3401
1342	1342
304	2276
304	174
2760	2760
3053	3053
264	264
2319	2319
2319	2864
2319	981
3525	3525
3525	427
3418	3418
1234	1234
2668	3292
3078	687
3078	1876
69	69
2286	1908
681	681
3257	2276
469	469
2578	1479
3024	3024
555	555
474	474
51	3346
51	1884
3366	1963
687	687
687	1876
687	1802
2864	169
2864	981
2864	306
2864	2928
2864	1767
123	123
169	169
169	2782
169	981
169	306
169	1767
1591	1591
1591	738
673	673
673	981
1799	1799
316	2814
2307	2307
3017	3350
2576	2576
1086	1266
3342	3342
2276	174
427	2081
427	3267
2032	2032
2412	2412
3476	3476
1158	1158
2782	306
1814	1876
981	306
981	2928
981	1767
2927	2927
2927	2336
3346	3346
3346	1884
740	740
306	1767
2177	2177
2928	2928
2928	1767
3140	3140
2479	2717
2479	3401
3267	3267
881	881
1725	1725
3349	3349
137	137
2793	2793
2798	2798
2457	2457
460	13
2363	2448
2363	2555
2448	2555
2448	2919
3292	3305
1747	361
1412	1412
815	3304
1832	1832
2555	2919
2265	2265
2646	2646
2872	2872
1017	1017
940	940
1657	1657
3202	93
1447	1447
2338	2338
3225	3225
3225	2974
3021	3021
1084	1084
1093	1093
1382	1382
2911	2911
1296	1296
2915	2915
2126	2126
1213	1213
301	301
301	1480
1144	1144
653	653
3304	2919
832	832
534	534
534	1569
43	855
1824	1824
399	399
1467	1467
1618	1618
3493	3493
2773	2773
675	675
2493	2493
999	1528
3293	3293
1319	1319
1319	3266
2843	2843
1933	3124
3252	3252
505	505
2121	2121
2532	2532
1953	1953
622	622
599	599
3255	3255
2268	2268
2365	2365
2975	2975
2306	2306
2546	2546
889	889
35	35
3487	3487
2397	2397
1569	1569
2404	2404
564	564
2224	2224
2140	2140
2511	2511
1528	1528
1165	3080
1764	1764
1962	1962
327	327
3347	3347
876	876
255	255
132	132
3477	850
2522	2522
2436	850
1661	1661
2820	2820
3133	3133
1156	1156
2974	2974
1479	1479
540	540
3273	3273
421	421
3494	3494
518	518
921	921
921	3364
2822	2822
1194	1194
1194	1321
3080	3093
3080	886
3080	610
3080	1379
3080	2327
3093	886
3093	610
886	886
886	1379
610	1379
610	2327
2912	2912
3456	3456
935	935
11	11
177	177
3258	3258
1558	1558
1485	1485
2330	2330
3084	1598
1076	1076
1243	1243
1011	1011
3449	3449
850	850
2599	2599
1762	1762
2214	2214
2352	2352
593	593
2383	2383
1432	1432
2980	2980
1963	1963
2293	2293
194	194
1186	1186
377	377
2976	2976
3388	3388
419	419
1286	1286
3233	3233
3191	3191
118	118
782	782
1114	1114
3101	3101
449	449
720	720
1379	2327
2537	2537
1119	1119
